1111111111
1        133333
1             3
1 222    1333 3
1  222  113 3 3
1        13 3 3444
1        13      4
1  #     1333334 4
1        1444444 4
1111111 114      4
111   1 114  44  4
1     1 114  44  4
1 1   1 1144     4444444444444444444444888888888888
1 11111 114                           1           8
1 11111 114                 555555    2     8     8
1       114                           3    8 8    8
1 111111114        9999999            4   8   8   8
4 444444444        9999999                   8    8
4                                     6   8   8   8
4                                     7    8 8    8
4                           55555     8     888   8
4                                     9           8
444444444444444444444444444444444444444888888888888
